Penjumlahan: 1e+46 dan 1e+55 = 1.000000001e+55
Pengurangan: 2e+29 dan 2.0 = 2e+29
Perkalian: 123456789.0 dan 987654321.0 = 1.2193263111263526e+17
Trigonometri: sin(9.0) = 0.15643446504023087, cos(9.0) = 0.9876883405951378, tan(9.0) = 0.15838444032453627
